n1=3, m=4, n=12, N=2911
seed=7
theta_path=D:\研究生\研究生\Quantum Machine learning\code\Train\data\theta_demo.npy
theta_array:
[[5.49786103 0.99199549 3.79542808 2.26487638]
 [3.22549452 1.90032461 4.38469128 2.46030217]
 [1.13916194 3.50335699 5.41554688 1.98090663]]
comp	x	y
1	001100011010	011100110001
0	000000000000	101001111110
2	111100111111	101101111111
2	011101111111	011010000111
1	001000000111	111001011010
0	000000000000	001001100101
0	000000000000	010010010101
1	111110010100	001000101101
1	100010101111	101010010001
1	001101001010	011001111100
0	000000000000	001110001011
2	101011001110	101001100101
2	111110111111	111111111101
2	111110110111	101011010111
2	110111111110	100001010101
2	100111111011	001111000100
1	100101000100	101110000110
2	111111111110	111011011100
0	000000000000	111111001011
1	100000100110	000000100011
1	101111000100	011000010100
1	100101101001	001010110111
1	001100000010	111011100010
2	101110111111	000100001110
0	000000000000	110101100010
0	000000000000	010111011011
1	000110010101	110110110011
2	101111111111	100100100100
2	111111111111	001100001010
0	000000000000	001110101110
1	000011010000	010000100011
0	000000000000	100010111011
0	000000000000	100110011011
0	000000000000	101100100001
0	000000000000	000111001101
0	000000000000	101000000101
1	011011001010	011010000110
2	111011111111	000100010011
2	110111101111	101100111100
0	000000000000	010001001100
0	000000000000	010011101000
0	000000000000	011011111010
2	101011101100	100101000101
0	000000000000	000100011010
2	101111111011	100111010110
0	000000000000	100100100110
1	100010100000	100111100001
2	101011110101	000101000111
1	110001011111	110111000001
2	011111111110	010110110111
1	000000100001	100100100110
2	111011111111	111101001001
0	000000000000	000010101100
0	000000000000	111100010001
1	000000001010	100110011010
0	000000000000	101110100111
2	111100110111	100000000010
0	000000000000	011011000100
2	100101111111	111111010110
1	010111011101	110100011100
1	100011111101	111111011101
0	000000000000	000110101011
0	000000000000	001001000110
2	111010011111	001101111101
1	100011011000	101110011111
0	000000000000	100111100010
1	000101110010	011011000011
0	000000000000	111100101000
2	011011011101	010100111010
2	111011111101	001110111100
0	000000000000	101001100110
2	111111110101	011101100100
0	000000000000	000001011110
0	000000000000	101000110101
1	011001010100	110101001100
0	000000000000	001110101011
2	111101110111	111000001111
1	001001101010	100010111101
2	011111111111	011010100111
1	111011001101	000110011001
0	000000000000	111000011001
2	101111111111	110101011110
0	000000000000	000011011000
2	111010111111	011101001110
1	001000000000	101000010011
1	011000001010	101110111001
1	011000100100	101010111010
0	000000000000	110110111111
1	100000010100	100001101011
0	000000000000	100010001001
1	101000001100	100001010000
1	100001001100	000111001000
1	011000010000	101111010111
2	111111011111	010100110010
0	000000000000	000111010110
0	000000000000	110000010000
2	100111011101	000000010010
0	000000000000	101001000110
0	000000000000	001101111001
2	111101111011	100011010101
0	000000000000	101001000000
0	000000000000	000111010010
0	000000000000	101011101111
0	000000000000	000111110100
1	100011010101	001000111011
2	110110110011	011100010011
1	001000000000	100001110101
2	111110101111	100111010011
0	000000000000	001111100001
1	000010010110	101110110101
2	111101111110	100011110100
1	100011010011	101110100000
0	000000000000	110101001101
2	111011010110	110110010011
1	010001011000	000100010100
1	011101011100	000011100000
0	000000000000	110000011011
0	000000000000	011111010100
0	000000000000	111010101110
1	110100100000	011000110000
1	010110000100	010001000001
1	100110100000	111010011100
0	000000000000	000011100011
1	100101000101	100110100011
1	110011000000	000110001100
2	101111010100	101111010000
1	000010010011	000001110100
1	100000010010	110100011000
0	000000000000	011100000111
1	001101000111	010100100011
1	001001110001	101000000111
0	000000000000	000000110111
0	000000000000	110100011010
2	110111111011	101100001111
2	111111101101	000101011010
1	101000000101	110000101001
0	000000000000	001000101101
2	111111111111	001000010001
2	111111111101	011101110100
0	000000000000	100000001110
2	111011100111	011001101010
2	111111010011	001111101001
2	110100011111	011101101010
2	111110111111	110011000101
0	000000000000	100001011000
0	000000000000	110101100010
2	011111111111	001101101011
0	000000000000	111011000010
0	000000000000	000001100101
0	000000000000	111101100110
1	100100010000	100001111000
1	011000111001	100101111100
1	010010001000	000011111011
0	000000000000	001111110000
1	000010110010	110100100111
0	000000000000	000101111101
1	101011010000	000001101001
0	000000000000	010110100010
2	100111101111	001000011001
2	111010101111	001111111101
2	011101111111	100011110011
1	010111110101	011110010101
1	110000001100	000001101011
1	000000010001	011001101001
1	010100110010	111111010100
0	000000000000	000101001101
0	000000000000	111110101110
0	000000000000	011001100111
1	010000000011	111111110100
1	000101000011	111100000100
2	111100111110	110000101111
2	111101011111	101011111010
1	011001011010	000101111101
0	000000000000	000000110011
0	000000000000	110100001001
1	001010110110	000100000101
2	111111010110	111010100011
1	000000111000	101011111010
2	111111111011	110110001101
0	000000000000	110001111011
1	010110101001	001011010101
2	101111110111	010100110000
1	000001100101	110111000000
0	000000000000	111110110011
2	011111101111	010011111000
1	010111010000	111000010110
0	000000000000	001011101100
1	110001001100	110011000000
2	011001111011	101100010101
0	000000000000	111111100100
0	000000000000	101101101000
0	000000000000	100001101010
2	111110110101	001110010101
2	110111010111	111111101011
1	010000001001	101111011111
2	111111111011	111001110100
1	110101001011	100110101101
0	000000000000	100101011010
0	000000000000	001000111010
1	001011001000	011101110101
0	000000000000	110000100111
0	000000000000	100011110111
0	000000000000	111100010110
2	111111011111	100101100101
2	111101111111	011010111110
2	111010101110	110101110000
1	001110001001	011011111001
2	111111111111	010100001000
0	000000000000	011011011101
1	000010001011	001011101001
2	111101111111	000011110011
0	000000000000	010011110110
0	000000000000	100101010110
1	100011011111	001001010011
1	100100100101	111111110001
1	100010010110	101000000000
0	000000000000	010110001001
2	111111100011	111110011010
2	111111111110	000001111110
2	110101111111	001111001001
1	000011100100	101011010011
2	111100111111	111000101110
2	011110111100	001101111001
1	010001110011	110010100111
1	010001110100	000110100101
2	101101111111	111011111101
2	111111111011	001000101111
2	111001111111	101111111111
2	111011110011	001100100110
0	000000000000	110111111101
1	000000011011	100000111011
0	000000000000	110011101110
1	000110111110	100110100011
2	111111101101	101001011001
1	100100111010	001011101101
2	111111011111	100101100111
0	000000000000	001111000011
1	101001010001	000100000000
1	110101000011	100000001010
1	101010000000	001010001010
0	000000000000	011001001110
0	000000000000	111001010001
0	000000000000	011101110011
2	011111111010	110001010111
0	000000000000	110011110100
0	000000000000	100100100110
1	110010100000	000110101001
0	000000000000	011110011110
2	101111111001	100100111100
0	000000000000	001111010001
1	011010000110	000110010010
0	000000000000	100100110101
0	000000000000	111111110101
1	011111110011	110010010110
0	000000000000	000101100110
1	000101011000	011001101111
2	111111000110	101100110111
0	000000000000	110011111110
2	111111111111	101101100000
2	101111110111	000011000110
2	111111101111	100100111011
0	000000000000	010100001001
0	000000000000	010010011001
1	100001111101	110110111011
1	111101000000	100000110001
2	111111011111	100010001101
0	000000000000	010011111011
0	000000000000	111010110010
0	000000000000	101001001010
0	000000000000	101011001100
0	000000000000	000100001101
1	011110000101	010000010000
1	101000000100	010000101101
0	000000000000	111011111010
2	111111111111	111001111110
1	101110000001	101000010110
0	000000000000	100111110001
0	000000000000	110100001110
2	101111010111	010001110110
1	011000010001	101101010101
1	001010001110	111000011010
2	111101111101	100110011001
2	110111101111	011001011110
1	000001111000	111001101101
2	111011111111	011010010110
1	001000111000	100010101010
0	000000000000	001101010110
0	000000000000	011000110110
2	111111111111	010101100000
1	011100110001	001010101101
2	111111111110	011000000101
1	100001110011	000110101100
2	110111101111	101001010111
1	001100101000	010000111111
1	000000100100	111110111000
0	000000000000	000111010110
0	000000000000	101110011100
0	000000000000	001000100010
1	000110010111	011001100100
0	000000000000	000111100011
2	111000111110	111100101111
2	011110110011	000101010111
1	101000011000	000110101101
0	000000000000	001011010001
0	000000000000	010000101101
1	011111000100	011001010000
0	000000000000	110010100001
0	000000000000	110001011110
1	001001110011	001100010010
2	101111111111	111011110100
2	001001111101	110001011100
1	000000000000	100011100000
2	011111111111	001011010000
1	100100111111	001111010001
2	111110111111	100010011111
2	111111101110	101110101110
1	010000011101	100110111101
0	000000000000	110001101100
0	000000000000	101111000101
0	000000000000	011001001100
1	100000001010	100110000110
1	111010000000	001010011101
0	000000000000	110110100010
1	010000010000	100011110100
1	110000111100	111011100000
0	000000000000	100110011110
2	011101101011	011001110110
1	010010001000	110111001100
0	000000000000	101001101011
2	111111101111	011111011010
2	111101111111	100010101010
1	101010101100	100011011010
1	000100000000	001000111100
2	111111111111	110101110110
0	000000000000	101001000110
2	111111010110	101100100001
2	111111110111	100100001010
0	000000000000	000001011100
1	010000000111	001100110101
1	000010010010	111000011010
1	001001111000	001010010110
1	010000001101	111001011001
1	101110110011	100000100000
1	000100001001	101110110000
1	001011000100	010111100000
2	110111111101	111101000000
1	000110100010	101011010011
2	111111111100	111010111001
2	001111110011	111010100001
2	011111111111	011001011100
0	000000000000	010000101010
1	010101111110	001010000000
0	000000000000	101001011001
2	010111001111	001111011101
0	000000000000	101001100010
1	000011010011	011100101110
2	110111011101	111111110000
1	100101101011	101010111101
1	001001101001	000110001101
2	011110111111	011011101011
2	111100110111	000001111101
0	000000000000	100100101110
1	011001110110	000101000101
2	011101011111	100010110101
2	101111111111	000111101011
2	111011111101	110101011101
2	101111111011	001001011111
0	000000000000	001010101001
0	000000000000	101000101101
1	000000100001	110111101010
1	000010010100	011111100011
0	000000000000	101101101111
1	111100111100	101110010110
0	000000000000	000111111101
2	101011111111	011111010110
1	011110101001	001000111100
1	000101000111	100011001110
0	000000000000	000100001101
2	100111010111	101011111000
1	011011010010	010011111111
1	000110011100	000010101100
1	000000001111	001101111010
2	111010101111	001101011010
2	111111101111	111101010010
0	000000000000	110001100011
2	100111111110	100101011001
1	110100100101	000111010000
1	000010001100	100010011011
2	111101011111	110111101001
1	100001100110	100000101110
0	000000000000	101011010101
0	000000000000	011111011011
2	111010111111	100110010111
1	001110101001	011001010110
2	010101111111	100100100010
0	000000000000	100001000110
0	000000000000	100011000110
2	010010010010	000110000001
2	101101111111	001111100001
0	000000000000	110100011011
1	110100000100	000011010011
2	111110111111	010010001011
0	000000000000	011111010100
2	110110111111	101011111001
1	100000101100	000011101001
1	000101100110	101110001011
0	000000000000	000001000100
2	011101111111	101111110000
2	111111011111	100101110111
1	100010010111	000010100010
0	000000000000	110110110101
1	010000011000	111101110101
0	000000000000	001100000010
1	001011011101	001000011000
2	111111011100	100100011011
2	111011010111	111110010010
2	111101111110	010011100010
0	000000000000	001001100101
1	100011011001	000001111111
0	000000000000	111011111110
0	000000000000	111001100001
0	000000000000	110010010011
0	000000000000	110100000000
0	000000000000	000101010110
1	001100011100	000010011000
1	010001000011	000010011101
2	111000111111	011111001101
0	000000000000	111010100111
1	100010100100	000110000001
0	000000000000	100110011011
0	000000000000	100011001111
0	000000000000	011000101011
1	010001001110	111111100010
1	101111010110	101100001111
1	001010110000	110110110001
2	111111111110	100001110000
0	000000000000	001101111110
0	000000000000	010011011101
0	000000000000	010101000001
2	111010111111	011111101101
0	000000000000	101111111011
0	000000000000	111011000000
1	111010110111	111111110100
1	100011010000	110011001001
0	000000000000	000010111010
1	000010010011	100100010111
1	101000110011	011100011000
2	111101110111	101100011100
1	000100000010	000001111000
2	111111111111	100111111101
1	110001110110	000110010011
2	011011111011	001111000100
2	111011101111	011010001011
2	110011110100	001010000101
2	001111110111	101000111000
1	101110100001	101011010110
1	000100111101	001011111101
1	111001100001	100110111100
1	010001001101	111011010000
0	000000000000	100101011110
1	010101001000	011100110101
0	000000000000	011100101010
1	100001011100	100111010111
0	000000000000	110111101110
1	000110010011	111111001101
1	110010100101	111101010101
0	000000000000	110011011101
1	111111100000	000000100110
2	111011111111	001010011110
2	111110110111	010111101110
0	000000000000	100001001011
1	100100110001	011001110001
1	101010000111	110011101110
0	000000000000	011110101101
2	001111001111	100000011101
0	000000000000	010010000011
1	100110111010	010000000010
0	000000000000	010011011000
0	000000000000	000011000010
1	000011100010	011101100010
1	001110011100	011001110001
1	011010000000	000101110101
2	101110111111	000111100001
2	111111111111	110011000000
1	001001000011	100100000001
2	110111111110	001100001101
2	101111111111	001100100100
0	000000000000	011100010101
1	010100111010	011010000001
1	110111000110	111010110111
2	111111111111	011110011011
0	000000000000	001100010100
1	110100010001	100011000111
0	000000000000	000011001111
0	000000000000	000000010000
0	000000000000	010001000010
1	011100111111	000110111110
2	111111111000	101000000101
2	110001111110	110111101110
0	000000000000	001101010100
2	111011101011	101110100110
0	000000000000	010010010011
1	000000000111	110010100100
2	011010111111	010101110011
2	111111111111	101111111011
0	000000000000	001010011001
0	000000000000	010101000001
1	110011001111	110000100001
0	000000000000	101101010000
2	110111001100	011100010010
0	000000000000	010110000100
2	111111111110	101011001111
1	010010101101	010011100001
0	000000000000	100000111100
1	110011110111	100111001010
2	011111011101	111010010101
1	010110000100	010001101001
0	000000000000	110100111010
1	000111100101	011011010101
1	010001110011	000101011110
1	110010000110	010101000101
0	000000000000	101111011111
0	000000000000	001101001011
0	000000000000	000000110000
0	000000000000	100001110111
0	000000000000	101010010011
2	011111010001	111110010101
1	111010001000	111100100000
0	000000000000	011001110001
2	111110111111	111001101000
0	000000000000	100001110000
0	000000000000	110001010000
1	000100111110	111000001001
0	000000000000	100100111110
0	000000000000	111110010000
1	010100100101	101110111001
2	100101111011	011111000101
1	000001000110	000001011110
1	110010100000	110001111011
2	111011111111	000111110111
0	000000000000	111000111110
1	000000101010	000011001001
1	001000100010	100011000000
2	111111101111	000011111011
1	000010011100	100010110000
0	000000000000	101100110011
1	001110000000	110001111111
2	101111111111	101100000000
2	101101111111	011111100110
1	001001111101	000011011010
1	001000011001	111100101010
1	101111101100	001110111001
2	110100100011	111001101000
0	000000000000	110111101010
1	101110010100	110001010111
0	000000000000	111001100101
0	000000000000	010101001110
2	011111011111	000111100111
1	000011000101	011110010010
2	111111101111	110000101000
0	000000000000	110001011101
0	000000000000	100000000011
2	111101110011	000011110110
2	111011011111	001110110011
2	101101011011	000010100111
1	000101000110	110100100100
2	101111111110	011111000011
1	001011001010	011001010111
0	000000000000	000111011110
1	010110011010	011111101001
0	000000000000	000011100000
2	111001110111	000010011100
0	000000000000	111110101100
2	100101111010	001111100110
0	000000000000	100111000000
0	000000000000	111000001010
1	000110010011	001011110100
0	000000000000	100100110101
1	110001000000	010011111100
2	101111111001	100001101101
2	111111111111	101011001000
1	000011101011	010111101111
1	001000011100	100111100101
2	111111110111	010101110111
0	000000000000	001100010100
2	100111111111	111100101011
2	001110110111	111100011010
1	000110101111	011101010011
1	100101000000	111010110101
1	100100010010	011000101011
2	110111111000	111111101101
1	001000100011	110011011000
1	011010100011	000101011000
2	111111111111	110001001011
1	000011001011	101010011110
2	001111110111	101111011101
0	000000000000	001111011111
1	010000001001	001000010010
0	000000000000	011000011001
1	111001000001	001110100110
2	111111111111	010000000000
1	001011001000	011011101110
2	011101110111	011110111100
1	000011010111	100111001001
2	111111101101	011101011000
0	000000000000	011100001011
0	000000000000	111011111010
1	010000100101	001100011000
1	011000001011	000010010011
1	001000000011	100001000011
0	000000000000	111001000010
2	011111100111	011000110101
2	011001110111	111111001001
1	000010101111	101001101001
1	010110000000	001001111010
1	111001010000	111100100001
1	001000000100	001010010101
0	000000000000	010000100100
0	000000000000	101000010011
1	101100101110	011000011101
2	110111011101	101100100101
0	000000000000	011110111011
2	111011111111	000101111010
2	111101111110	001010100001
2	011111111111	011000111101
0	000000000000	001010100101
0	000000000000	000010000100
2	010111111111	011001101100
1	100001101000	110110100101
1	001110110010	011110111111
0	000000000000	001111111110
2	101111110111	111011000011
0	000000000000	000000000011
0	000000000000	010110011110
2	111111011111	110100101101
0	000000000000	110101101110
0	000000000000	000010111100
2	100111110111	101101011011
2	101111111111	001000100111
0	000000000000	011001001010
1	010001001010	100011100111
1	111001100010	101001011011
0	000000000000	011011100101
0	000000000000	101011111001
0	000000000000	111101101100
0	000000000000	011110000100
0	000000000000	010101100111
0	000000000000	000010101101
2	111111011100	010000110001
0	000000000000	111101001110
0	000000000000	101001111010
1	001011010000	010111100110
2	011110111111	011111011110
0	000000000000	001000101011
1	000100100010	111000010101
2	011101111101	001101101101
0	000000000000	111011010001
2	111110110111	011001000100
0	000000000000	010000001110
1	110100100011	101100010010
1	000001001011	111010010100
0	000000000000	001100000111
0	000000000000	000011000000
1	101001001001	100110010101
0	000000000000	101100101000
0	000000000000	001110101000
2	110001111011	101010000101
0	000000000000	100010111011
0	000000000000	011110011110
1	001001011100	110101100001
0	000000000000	100010001000
1	110000001000	110110100111
1	001001111000	100101000110
1	110111000111	000100001110
1	110101011011	110011010111
0	000000000000	111011010011
2	111101101100	000011000101
1	000111000000	100101010101
1	001101111010	000011010111
0	000000000000	111101000100
2	111101111111	110011000011
0	000000000000	011010010100
0	000000000000	101010000101
0	000000000000	101110111011
1	000101110001	101100100011
2	111111110100	010111000010
0	000000000000	100000100101
1	000000101101	001011001100
1	001101000000	100011011100
2	111111101111	111110011001
1	011001001011	011101111000
2	111101111011	111010000100
1	000010011000	010001110100
0	000000000000	100100000111
1	100101000100	000001111000
1	000010000101	001111111111
0	000000000000	000100010111
0	000000000000	000101100101
1	011011010011	010111011010
0	000000000000	101101001010
1	000101110110	011010101011
1	001010111101	100110110001
0	000000000000	101010101011
2	111110111111	110011010011
2	111111111111	110010011110
1	001110110010	100010011101
1	111111001110	111110101100
0	000000000000	000101011000
1	001100000001	111010011100
1	010010111011	000101010001
1	100100010110	011110100101
1	111100100111	110110111111
0	000000000000	011101000111
0	000000000000	111011000010
0	000000000000	101001111010
0	000000000000	111011111010
0	000000000000	111000110000
2	110011111111	000110000011
0	000000000000	101011100101
1	101001110011	110100110001
2	111001110100	111101111010
0	000000000000	111111001011
0	000000000000	010100101110
2	111111011100	000110110001
0	000000000000	101001011001
2	110110111111	101110011011
2	111011101111	111111000101
0	000000000000	101110101000
2	110111111111	111110010100
0	000000000000	000100010010
2	101111110011	100101001001
0	000000000000	000100010110
2	111111011110	000010100010
0	000000000000	011110100100
2	011011011110	000100101111
0	000000000000	100101010110
1	010010110100	000001000101
2	011110111111	010101111001
0	000000000000	000000100001
2	001011111000	011101010110
1	001100101010	110001111001
0	000000000000	000111010000
1	001000100011	100001101010
2	111111111011	001101001101
2	101101111001	001110000100
0	000000000000	111011111001
2	110111110111	011011100000
0	000000000000	011100110111
1	000000010010	001001011111
1	010011101101	011010110110
2	010110101001	001000010110
0	000000000000	101101110000
1	010001010001	101001010000
1	010110000010	010001011011
0	000000000000	000011001111
1	001000000001	111001001110
0	000000000000	001111100001
0	000000000000	110011001011
1	000010000100	101111100000
1	010110010001	011111011000
1	110011111100	001000000110
1	011100000011	101100010001
2	111111111101	100000010110
1	000010100111	011101010001
2	111101101101	001110100100
2	001111111111	011000100100
2	010111111111	001110111110
0	000000000000	101111110100
0	000000000000	010101001101
1	000111010011	001011000111
0	000000000000	101011001100
1	100100011001	100111100110
0	000000000000	001010100111
1	101110011100	000110111010
2	111111111110	001000001000
1	110101001000	011010000110
2	111111111101	101000100001
2	111111110111	111001000100
1	000001100100	010010101100
0	000000000000	011000011110
1	010010000010	010100000010
1	011101010011	111100111011
1	110010010000	011110101110
2	111110111111	111000001111
2	111111001101	011110010100
1	001000010101	110110000000
0	000000000000	011100001111
2	111110111111	110100011000
0	000000000000	000001011110
1	100000000000	101100000010
1	101010001011	001001001111
0	000000000000	000101001001
2	001011111111	110110011111
1	000010100101	110100000100
2	101111110111	000111100111
1	000010011010	101010000111
0	000000000000	000011111001
2	001111111111	000001100010
0	000000000000	101001001000
1	100010110010	000001001101
1	001111011010	011000110101
2	111111011010	110110011111
0	000000000000	000101101011
1	111110000000	010101100101
2	111101110111	010000101010
0	000000000000	001100100000
2	111111110111	001110001011
2	110111110111	001001110010
0	000000000000	110000010001
2	111111100011	000000101111
0	000000000000	001011111100
1	001011000000	010001100100
1	000100000000	111011011111
2	111111111110	111011010111
1	101000000100	110101000111
1	011001101100	001010111100
2	100011110101	101001011101
1	100010001010	110100100010
2	011011111101	001100111101
1	001010000000	111000001100
1	010011000010	010001101011
0	000000000000	000000100010
2	111111111111	101000011101
0	000000000000	111111011011
0	000000000000	011111011001
2	101111111011	100101111101
2	111111111111	111100001111
0	000000000000	101001010111
1	001011000000	110000111110
2	101011011111	000011011100
2	110010111011	100101001010
2	111111111111	111100000110
1	100010001100	111011010011
1	010010011000	011110011000
1	000101000000	100101110000
1	000001101100	110101000101
2	111111111110	000111011010
0	000000000000	011011010111
2	000100111110	011110011111
1	100111000011	000000000101
2	101111110111	000100010110
2	111011011111	010110110011
0	000000000000	110111000001
0	000000000000	000111000101
1	000001011011	100111000100
0	000000000000	100011101101
2	111111111110	010010010011
2	111111111101	100001010000
0	000000000000	101101111011
0	000000000000	010010110010
0	000000000000	010101101110
0	000000000000	001110001101
1	100011000101	100101100010
0	000000000000	010101100110
1	100010000000	000100100111
1	011001000001	110000001111
0	000000000000	101010010101
1	000010010100	001000110101
2	110111111111	011011100011
0	000000000000	110011011001
2	111011111010	011101010101
0	000000000000	111100000010
1	101001000100	011001010100
0	000000000000	010100110101
2	111110111111	100011101100
2	110111101111	011111111010
1	111101000001	011100101011
2	111101100100	010100001010
1	001000010010	101010001010
0	000000000000	011011110101
1	100010000100	111111010101
0	000000000000	100010101000
2	111011101011	000010010101
1	000010100110	011111100000
1	100001001010	011110111101
2	111110011111	011110101010
1	000100010000	011100111000
1	001011000001	100011000011
1	001000010010	100100001100
2	111111111111	011100100100
1	100001001000	011111001111
1	001111110000	000011111001
0	000000000000	011101101010
2	110111011111	100100011011
2	110111111111	001011101000
2	001111111111	100110111011
0	000000000000	101100001110
0	000000000000	111101001111
2	101011101011	011111011110
2	011111111111	010111100110
2	110101111111	001011000010
2	111011010100	011101110111
2	100111111001	001000010100
2	111101111101	001111111010
0	000000000000	111100011111
2	110101011111	011011101111
2	111111111101	111101111101
1	011100010000	100110010000
0	000000000000	010111101011
2	111011111111	100110000110
0	000000000000	111000111010
2	111111100010	100111011001
0	000000000000	100010101000
1	100000000011	110101000011
1	111000000001	001011110111
2	101101101011	001011011111
1	000010000100	011001010011
2	111111111110	111101101100
2	111011011011	111100110111
2	111111111011	101100101101
1	000101010001	000001101000
2	111110110101	100111111000
0	000000000000	010001001000
2	110111101011	001100010101
1	000000110000	101111000000
0	000000000000	011110001110
0	000000000000	101110100100
1	010100001110	100111001111
2	111111111111	111010000001
1	011010101100	011111000000
1	000000010100	001110100001
0	000000000000	001111110110
0	000000000000	100000000111
2	101111110111	100110011101
2	110101100011	000111011111
2	111110111101	010110101001
1	100010000101	011101111011
0	000000000000	010110100110
2	111110010100	010110010000
2	111101111100	010010010101
2	111111111111	111011111010
1	100000001010	101010001100
2	011111110001	000011110100
2	111011110111	111100111110
0	000000000000	011111011000
2	111011111011	111010010100
1	000011010001	011001010001
0	000000000000	111100000111
2	111011101110	011001101100
0	000000000000	000100110001
0	000000000000	111111100100
2	110110101101	001001010000
1	010100100100	101011011100
2	001111011101	011111011101
2	001111110111	100100000000
0	000000000000	011101010100
0	000000000000	111011111110
0	000000000000	101001011011
1	000011100111	100111001100
2	101111111111	000010100100
1	001001010001	110111000001
2	111110110001	111001110110
2	101010011111	111101010011
2	111101110111	101010100001
1	010100010101	110110001110
2	111111110111	110110101010
2	011111110011	000001110011
1	100111000000	111100101010
0	000000000000	100011100111
1	000010111100	101100101101
2	111011111111	101101111001
2	111111111001	010110010101
0	000000000000	001001011001
1	000111011000	011000000100
0	000000000000	100101011111
2	111111111011	001001000101
2	110111011010	011100111111
2	111111110111	100111101110
2	011111011111	000001110111
2	101111110111	101100000011
2	100101011110	000110011001
2	111111011101	011111010010
1	010001010111	101110111101
1	100000100111	010100101001
1	001010001000	111101101110
0	000000000000	111010100101
1	000000000110	100010111000
0	000000000000	101100101000
1	000000010110	001100101011
0	000000000000	000100011100
2	011111111111	001100111000
0	000000000000	001001111101
0	000000000000	011110110111
2	101101101111	101010111010
2	111011110110	001111010001
2	110111101101	111011010101
0	000000000000	000110110111
0	000000000000	011110111110
1	110000001001	001010010111
2	111111111100	010110111011
1	001000100001	110000101000
1	110000000010	111000000010
0	000000000000	010110100110
1	100100000110	011101100001
0	000000000000	111110100100
2	011111111111	010001101100
2	111101100111	101101010000
1	001000011010	001111100111
0	000000000000	000101111001
0	000000000000	101011110010
0	000000000000	010100011011
2	111111101111	000111110000
2	111111111111	010010100010
2	011111110110	000111000011
0	000000000000	011111001101
0	000000000000	010110110100
0	000000000000	011001110001
1	100000110101	000000101001
0	000000000000	010011101001
0	000000000000	001101101100
0	000000000000	110001110101
2	111111001010	010111101110
0	000000000000	110010110101
2	111111110101	111001001000
2	111011100011	001101010001
2	111101111111	111111100100
2	001011111110	101100111011
0	000000000000	001111000111
2	101110111111	011111101000
2	111111111011	101100000100
1	100000010000	010111100110
2	111111111110	001001100110
2	111010111111	100111100001
0	000000000000	101000010010
0	000000000000	110101110100
2	110111111110	001111111111
1	101001010011	111100111011
2	111110011011	011110100000
0	000000000000	101110111000
2	111010110110	101110000111
2	101101101101	001110101100
0	000000000000	101111001111
1	100010110001	111010011100
1	011010001010	100010011110
1	100100110010	111001100001
1	110101101001	101110010100
1	010110111001	000001100101
1	010101110000	111011000010
2	111111011011	011100101101
1	011011011101	010010000101
0	000000000000	111100001011
0	000000000000	010101001000
0	000000000000	100110100111
2	111011111111	000101011011
2	101111100111	000111010001
1	101011110010	001110110000
1	001011111001	011001100100
2	011101111111	001101011001
2	101110001111	100110110100
2	011111011101	000011110011
2	111111110101	010010110100
2	111010100010	001011001100
1	011001100000	100111100010
0	000000000000	100011110011
2	011111111101	011111101000
1	000000011000	111101001110
2	111111111111	010000001101
1	100111000010	100011011001
2	111101111111	000010011011
0	000000000000	001111011111
1	000001010000	001111101101
0	000000000000	100011010101
1	100110000001	000111001011
0	000000000000	000000010000
0	000000000000	100111110100
0	000000000000	001101000100
1	010001100010	110100100001
1	101010001001	110010100100
0	000000000000	111010001101
2	111111011111	000000001001
1	000110000000	101001101011
2	110111111111	011100110101
0	000000000000	001101000100
0	000000000000	010110001001
2	101010100110	110100110010
2	111111111100	101000011101
2	110010111011	011010100111
2	011010111011	000100110110
0	000000000000	011011001010
0	000000000000	000111000101
0	000000000000	011110111010
2	001001111010	101110100101
0	000000000000	110000101000
2	100101110111	001111001001
1	100001001001	011110110100
1	010000110100	110101111010
0	000000000000	110111010110
2	110111111011	111101110100
0	000000000000	001100110010
1	011110000101	011110011000
0	000000000000	001001101010
2	101111111111	100101111100
2	011011111011	001010010101
0	000000000000	101110111011
2	110110111010	111001011111
1	111001010101	000100000001
0	000000000000	000011111100
0	000000000000	000111001101
0	000000000000	010011001000
2	111101111101	100110101100
1	101110000111	110101100110
1	001100010110	111110101111
0	000000000000	100011010111
1	101010100101	011001000101
2	101111111011	100010000111
2	111011111111	110100101101
0	000000000000	010010100011
1	111110111010	100101000001
1	001010010010	011010111101
0	000000000000	010111111001
2	111111101111	111011111110
0	000000000000	010111110101
2	011011111101	011110000100
0	000000000000	001000001000
2	110111111111	101111101010
1	101010100101	011101010110
2	011011010111	010111100100
0	000000000000	100000011111
1	100110010101	001010110011
1	101000101000	000100111001
2	111101011011	111110110101
1	000001010000	100111110101
0	000000000000	000000001110
0	000000000000	001001010101
2	011111101111	011101100011
1	100011110101	001011001101
2	111010011111	110111001010
1	010011000110	010011100000
1	001001110001	010110000000
1	100101111000	101111111101
1	011110000110	001001000001
1	011100010000	100001001000
1	011000100110	011100010110
1	100110110110	001010110101
2	001111111010	000010110101
2	101110111101	100100100110
2	111111001111	011001011111
2	111111111011	011001100110
2	011101111111	111101101000
0	000000000000	111010010001
1	011010001011	000001111111
2	111111111111	011001000101
1	000010010000	110111110000
0	000000000000	100110101010
2	110110111111	101001101101
1	010010111001	011001111001
2	111011011111	111111111111
2	010011111010	001101000101
2	111111101101	100101010101
2	011011111111	010101011101
1	110110110000	111010111110
2	111111010110	001111110011
1	101100110100	000100010101
1	101011011010	100100100111
1	000100011110	110000000110
1	101001000101	000011010110
1	010011101000	001110001111
1	010011111010	001011001110
0	000000000000	101110111011
2	111101110111	001100100000
2	011111111110	010000100001
2	010111111110	001100010010
2	111111111111	110100111000
0	000000000000	101101000110
2	111101111110	001011101111
2	111111110111	100110111100
1	010000000100	011110000011
2	110001010111	111101111111
0	000000000000	010010001111
0	000000000000	000011011111
0	000000000000	100110001001
1	100100000000	011010111110
0	000000000000	000100011110
2	111100111111	101010110100
0	000000000000	111001111100
1	100000011011	101001000010
0	000000000000	110000100000
0	000000000000	000010001011
0	000000000000	011111101000
0	000000000000	101110111010
1	110101101000	001110111100
0	000000000000	111101100100
0	000000000000	111111111010
1	101000101000	001101010010
0	000000000000	011010001101
1	011101001001	000001000111
2	011011110111	010011111011
2	111111110101	000110110000
1	010000000001	000000111101
1	110110000010	011010000010
1	111001001111	110110101000
1	100101001000	010010010111
1	101100001011	111011011100
1	000110110011	101001010010
2	011001111111	111110000011
1	100001010101	110100010000
2	110111110111	001000110010
1	010001110011	100101010010
0	000000000000	111011100000
2	011111011111	010011000011
2	101101110110	011110101111
1	110111011101	100110011001
1	001001100110	001111010011
0	000000000000	011000101100
0	000000000000	111010011101
1	010001101100	111110101001
0	000000000000	011100110110
1	000011011111	011101100111
2	111011011011	110110100110
2	101111111111	100000110001
1	111100011000	101010100110
1	111101110010	111010100111
2	101111011111	000101011100
0	000000000000	011001010101
1	101000001101	000111100111
0	000000000000	011101011000
2	101111101010	100001101110
1	010100000000	101011110101
0	000000000000	000010100110
0	000000000000	001010011111
2	111111110011	110100101010
0	000000000000	101110000000
2	111111010111	000010000110
1	111100000000	001001101000
0	000000000000	110110011110
0	000000000000	011011101011
2	101101011111	010111101111
1	000010001000	101011001100
2	010111111111	010000100001
0	000000000000	101111100000
2	111111111111	011110100011
1	010001001110	101010000000
0	000000000000	111001000001
1	000001101001	011100010100
2	011110111111	011110010111
0	000000000000	101000100100
1	101010001010	111101100010
2	111111001010	110100100100
2	111101011011	101110001101
2	011111111111	011001001101
2	101001111101	101111001100
2	100011111111	110110100001
0	000000000000	011010010001
2	010110111111	011000000000
2	110101111111	111011000110
0	000000000000	111111000011
2	110111001111	101000011001
1	111000010001	000101010001
0	000000000000	000110010110
2	011011110011	010111011100
1	011010000011	010110110110
0	000000000000	011010000101
0	000000000000	010001010101
1	101010110110	001100000110
0	000000000000	100101100110
1	101010010100	110011010100
1	100110000000	100111100110
0	000000000000	110011110110
1	010001001010	000111001101
2	111111001011	001110011111
1	111000111001	111110100101
2	011111111011	001011000111
2	111111110111	000111011111
0	000000000000	001001100001
2	111110101111	010101011101
0	000000000000	111101110111
0	000000000000	000110101100
2	011101001110	010110011000
0	000000000000	101011100011
2	111111111111	110110101100
0	000000000000	001011010110
0	000000000000	010000100100
0	000000000000	000111111000
2	101111111011	101000111111
2	111011111110	001101111101
2	011100101110	010110111101
0	000000000000	100111011100
2	011111111111	010110111001
1	100000000000	101101111011
0	000000000000	010011101000
1	111000011011	000110111101
2	110111111110	001101111101
0	000000000000	111010100001
1	101100001100	101111000001
0	000000000000	001100100111
2	111111110111	111010001110
2	110111111111	001111110001
2	011011110100	010010110010
0	000000000000	111000101001
2	111001010110	101100100101
2	111111110111	111000010111
1	000100010010	011111111000
2	111111110111	011001110000
1	000000100000	011100111000
0	000000000000	110111000001
1	000011001010	011010000111
2	110110011111	000010010110
2	111001101100	100111011010
0	000000000000	000011100010
0	000000000000	100101101010
2	111011101111	110110110001
0	000000000000	111111011010
2	111111100111	000101111000
2	111111011011	101111011101
1	000101110000	001100101110
1	110011000001	111111110011
1	010011100001	111001100101
2	101110111111	010111110101
0	000000000000	001110111111
0	000000000000	100010101001
0	000000000000	010000111000
0	000000000000	011101110010
2	011010111111	001110111011
0	000000000000	100100000101
0	000000000000	000011110011
1	000000101000	001111100010
1	100000110101	001011110100
1	000010001000	100010001111
0	000000000000	001100000010
1	100100110100	101001111101
2	011110101110	001010111011
0	000000000000	010011011000
1	111000010110	011110111010
2	111111011110	100011101110
1	101001011100	000111101010
2	011011111011	110101110100
2	111101011011	011111100110
0	000000000000	011010100110
0	000000000000	001010000101
1	000110101111	010000010000
0	000000000000	001000011101
0	000000000000	000010000100
1	110001010111	100010100101
0	000000000000	000111101101
2	111011111111	100100010101
2	111011111111	110110111010
1	010100111011	111101100010
0	000000000000	011101100001
0	000000000000	100111010110
2	101011111111	100110000100
1	100000011001	100101011000
1	110010010001	100001100000
2	110111011111	110001011100
0	000000000000	010110000100
1	010000101100	010011111110
1	001010001010	000100111010
0	000000000000	110000110111
1	011100100101	001110011100
0	000000000000	001000010101
2	111011111111	111100100111
2	111100111110	011001001011
0	000000000000	100111111111
0	000000000000	101010111000
2	110010111110	101000010101
0	000000000000	010010101011
0	000000000000	001000011011
2	111111111101	100010000001
0	000000000000	111000001000
0	000000000000	101000110000
0	000000000000	001100001111
2	111111110100	111000110101
2	111101111011	110010110100
0	000000000000	110000101011
0	000000000000	000011110010
1	100000000010	010111011001
0	000000000000	111001010101
2	111111101111	100001111100
0	000000000000	000011011100
0	000000000000	101101110110
2	111110101001	111111011001
0	000000000000	101010111010
2	100011111011	110100001101
1	011110100110	011001000001
0	000000000000	101001100111
1	011000101001	000010000110
1	110000010110	000101011111
1	000011001001	000100000101
2	101100111111	011001011110
0	000000000000	110001010011
1	110100000011	101010111101
1	001001001001	010100010101
1	110000000001	100010011111
2	111111011111	100001010010
0	000000000000	101000011111
0	000000000000	111000110000
0	000000000000	010111101011
1	101000111010	001110011100
0	000000000000	011101111111
0	000000000000	100000001100
0	000000000000	100111001101
1	111000111000	011010101101
0	000000000000	110011101010
2	111110101111	110111000110
1	110010001001	001100110111
1	010000110001	111001111010
2	111111111111	101011001111
0	000000000000	101000001101
2	100111111101	001001011100
1	100000001111	011100110110
1	000000001110	000110011011
2	111111111010	110100010111
1	010111100100	011011000011
0	000000000000	011010100001
1	000101001000	100111101110
1	110100101001	111111011101
1	000011000100	101110010100
1	010100110101	011101101100
2	010110001101	010111001111
2	110111101110	110010011011
1	101000001000	000010111101
1	010001110001	010101111001
2	011111111001	001110001101
2	010111111011	011100001101
2	110000111101	000101110001
0	000000000000	111101001110
2	110111111111	100111101101
0	000000000000	010100111000
1	111011111110	111100011011
2	011110111101	001100111101
2	111010011011	000000100101
1	100111111100	110010001101
1	111011010010	110100010101
0	000000000000	011110000010
2	111011111111	001111010100
0	000000000000	011100100100
1	001010101001	001010000010
2	111101111111	011010011101
2	010101111110	001100000111
1	100100000101	010101011010
0	000000000000	101111100010
0	000000000000	111011101111
2	011111101111	000101100011
2	110111001111	001010011010
2	111110111111	101010000111
2	111111111101	010010101010
0	000000000000	110010010000
1	101000010101	110001110101
1	001100010111	001101111100
0	000000000000	110100011110
2	111111111111	101110000011
2	111111110000	001001110001
1	001000011010	000111010111
2	111011111111	000100110100
2	110111111111	111001110101
0	000000000000	100101100110
2	111111110100	110011111001
2	101000101111	100010001100
2	011110110101	000111000001
2	111111101110	110000111001
0	000000000000	101101111100
0	000000000000	001110001111
2	011100111111	100011100011
1	000010001100	101000001110
0	000000000000	001001100101
2	111110111100	111010011110
2	001111011111	010101010000
1	001100000010	101001110101
1	110001110011	011111001111
2	111111111011	011000101110
2	111111111111	011111100011
2	101110101011	111101111001
1	010101011110	000001011001
2	110111101101	111101110001
2	111101011101	101110011100
2	111101111010	010110000101
0	000000000000	011110000111
2	111111011101	001100101010
1	111101100001	101000001001
1	001001011000	110100110110
0	000000000000	011110110010
2	111111111110	100000011011
2	111001111111	000110000100
1	011100100101	100000011100
0	000000000000	100001101000
1	101010111001	101110101100
2	100101111101	101111110100
1	000100101000	001011110010
1	010010111000	000000111001
0	000000000000	000000010000
0	000000000000	101011111100
2	101011110110	101110000101
1	100001000000	001010001101
2	010010100111	001101010111
0	000000000000	100011011000
0	000000000000	110000110100
1	101000100100	100100110010
1	010100100001	101011110100
0	000000000000	011000000110
0	000000000000	101111010100
0	000000000000	010101000001
2	011111111111	010111101111
0	000000000000	001010010110
0	000000000000	101101011101
0	000000000000	000011111100
0	000000000000	111011000110
1	010100101111	101000110001
0	000000000000	000010000000
2	111111011100	011101001110
0	000000000000	001111100100
0	000000000000	111010000001
0	000000000000	001010111100
2	111111111111	000101101000
0	000000000000	111000111001
0	000000000000	110111001000
2	110100111111	101001011011
1	101010110100	111001110001
2	111111111111	111001111011
0	000000000000	010001100011
0	000000000000	111000000110
1	100100101010	001001010001
2	111011111101	101110010101
2	111111101011	001001110100
2	111111111111	001100001010
0	000000000000	001111101000
1	110010110001	111111100111
0	000000000000	101110001011
1	001011000100	010001000000
0	000000000000	000011100011
0	000000000000	110001001100
2	011101111100	001100010101
2	111110011110	000011110101
0	000000000000	000010111111
0	000000000000	001010010000
0	000000000000	010110100010
0	000000000000	011001111110
2	111111011111	100111011011
2	111111010111	110001101000
2	110110111101	101110100101
1	101001000110	101110010111
0	000000000000	100100000101
1	001011010101	100111111010
1	101001010000	100111001110
2	111111111110	000000001011
1	111100000001	100010101100
0	000000000000	001101010100
2	111111101111	111110111000
2	110110101011	101010111111
2	011111011011	010001111101
0	000000000000	110110110001
2	111111111111	110010111110
2	111111010110	111100111000
0	000000000000	101100011011
0	000000000000	111000010011
2	110101111111	101111110011
1	011011010000	000110010111
0	000000000000	011001110110
1	101000100011	101100110000
2	111111111001	000111101100
1	010001011000	000101001101
2	001110111111	011110100101
0	000000000000	010011110100
2	111110111111	110000110101
2	001001000111	000111110000
1	000111001101	011011001111
0	000000000000	000110001101
2	111101011111	010011010001
1	100000101101	111110110100
1	010101101000	101001010100
0	000000000000	101100011101
1	101001101010	100011110100
0	000000000000	010100111100
1	101001011101	100011000100
2	001101101111	101011011001
0	000000000000	101001101111
0	000000000000	010111100110
1	000000010011	010101111000
0	000000000000	101100110001
2	111111110111	000011110001
0	000000000000	111001111100
1	111010000001	000010111101
0	000000000000	111000001010
0	000000000000	100001010011
2	011101101110	001101101100
2	101011111011	001101111100
1	011100011010	111001111111
0	000000000000	000010001101
1	111101000111	001101001111
1	011010001110	010111011010
0	000000000000	000000010001
1	100100011000	001011100101
0	000000000000	010101001101
2	111111111110	100010110100
1	101011000000	110000001000
1	100011001011	100000100101
0	000000000000	000110111101
0	000000000000	010000101100
2	110110110101	001010011110
2	110011110111	100001010101
2	001111111011	100011001111
1	101010011110	001100100100
2	111110111111	001101101100
1	000110001011	011101000000
1	101011010101	100000110010
2	101111011111	001110010000
1	000101101011	101101011100
2	010111110111	001010110101
1	010010001100	001011100011
1	010110010010	000100011110
1	101010101010	000110110101
0	000000000000	001110111111
0	000000000000	001010001110
2	111111110100	001101000101
2	011011111111	001111001001
1	010010010000	011101000100
2	010111011011	001000100101
2	101111111111	001011000101
1	111011011110	010110110011
2	110111110111	001010011110
1	000101110011	001000001001
1	000010110110	101011001010
1	000111011001	011011101100
1	000000111100	000110100110
0	000000000000	001110000100
1	100100110010	001010011100
0	000000000000	010011011011
2	111110110111	101100100000
0	000000000000	001010110100
1	011101001001	011001000010
1	010111100001	011111111101
2	100101111010	101110000111
0	000000000000	001000100011
2	111111101111	101110110111
0	000000000000	010111011010
1	010101101100	010010111010
2	111111011110	111111101011
2	011011111111	011010001100
0	000000000000	111101111111
1	010001100101	010111000101
0	000000000000	101101000011
2	101111110011	000111100111
2	110011111111	100100111100
2	111111110111	001110100110
1	111111011000	101001110011
0	000000000000	100101111000
1	100111110110	101010100010
1	011100000010	001011010010
1	010010011100	100001110100
1	010000000101	000111110011
1	001110110000	100000110100
1	000000000101	011000001110
2	101001111110	001110010011
0	000000000000	001111010001
0	000000000000	101100001101
2	111111111110	001111101100
2	011101101011	110100111101
1	110001111000	010111101101
0	000000000000	101001011101
2	110101110111	101111011101
2	110111111111	001101001000
0	000000000000	011100001101
2	111110101111	010111010010
2	111011111001	000111101111
0	000000000000	001111100010
2	111011111110	001010100001
1	000100000010	001111111101
0	000000000000	011001100010
0	000000000000	001100010100
2	111111111110	010010110001
2	111111111111	011111000011
1	000000000100	101111000011
2	111110111110	101001001001
1	100010010011	010110111110
2	111011111111	001111001101
1	001001010101	011101000100
1	001101110111	010100000001
1	001100110000	000001010110
2	111111011111	100100101110
2	111111010010	000011001111
2	111111110111	110011010111
0	000000000000	100100011100
0	000000000000	111000000000
2	111111111111	000110101110
0	000000000000	000000000011
2	111111101111	111010110010
0	000000000000	001000100011
2	011111101111	101100011000
2	111101101110	110010111100
0	000000000000	110111011110
1	010010011010	010110011111
1	011000001000	111111111101
1	011111101110	111011100011
2	010111110010	001100110110
1	100100000011	111010101100
1	100100011101	001011000100
0	000000000000	010000000100
1	010100001000	110100001001
2	011111101101	010111010101
1	010001000110	100011111011
1	000111001000	101001000110
1	101110000011	111010000010
0	000000000000	010110111100
0	000000000000	000111110101
0	000000000000	001101110110
0	000000000000	111000111000
0	000000000000	000000011011
0	000000000000	000010011100
0	000000000000	110100011001
2	101111111101	111001110111
0	000000000000	011111000111
0	000000000000	000101101110
2	111111101111	010001111000
0	000000000000	010001010101
0	000000000000	011011101001
2	010111101101	111101011010
1	000110101010	011000101100
1	011010010001	001110110001
1	000000000111	000010110100
2	010110111111	011111001000
2	111111111111	010010101011
0	000000000000	000000010001
0	000000000000	101001001010
0	000000000000	011111000111
0	000000000000	000000110000
0	000000000000	010100111100
2	111011010110	010110111110
2	110111111111	100100101100
0	000000000000	000010110011
1	010000011010	110110001111
0	000000000000	110010100101
2	001011110111	100100100110
0	000000000000	010100000001
0	000000000000	011110100011
0	000000000000	110111010010
2	111101111111	011011000100
2	111111010111	000110010100
1	100100001001	111111111001
1	110011100011	011101011010
2	111011101111	010100111100
0	000000000000	001010010111
2	111111111011	001001010110
2	101111011111	101010001100
0	000000000000	010011011001
1	001000000011	100001100101
1	010011100001	000000101000
1	000110010010	100101010101
1	000110010000	011001111010
1	010100010001	111001000110
0	000000000000	110100111001
2	111001110101	110100111000
1	111001001111	010111110011
1	010001110101	011100101000
0	000000000000	101001001000
0	000000000000	110111101100
0	000000000000	101100100111
0	000000000000	010100000100
0	000000000000	011111101000
0	000000000000	001000011111
1	000000011100	111101101111
1	000010110100	011001100001
0	000000000000	010000101001
2	111111111010	000111111110
2	111010111111	111110001001
2	101001010111	100101110100
0	000000000000	010110000001
2	111111111111	000000000011
0	000000000000	111101100100
2	001110111011	000001000000
0	000000000000	101001000110
2	001111110001	101100101001
1	010110110010	011100011111
1	000101111101	001100110000
2	011111111101	000001110001
2	111100111111	110101110100
1	101000011011	101110111111
0	000000000000	000111011111
1	110101101100	100110000000
1	010010000001	010001010111
0	000000000000	111000110101
0	000000000000	110011111100
1	000110001110	110010011100
0	000000000000	011011011101
2	100111101111	101001010001
0	000000000000	100101110100
2	110111111111	101011001011
1	000111001111	100101100101
2	101001011011	101111001111
0	000000000000	011000000101
2	111110101101	111001110111
1	011010010001	100100101111
1	010001000010	110001001011
2	010111001011	000100101111
2	111111111111	101010101001
1	000010100001	010100101001
0	000000000000	001101101011
0	000000000000	010101010110
1	000110010100	010011110010
1	000011010100	011101100111
0	000000000000	111000111010
1	100010111101	110101101100
1	000000100000	011010001011
0	000000000000	010001100000
1	001001101000	001001001111
0	000000000000	010101100111
2	011111111111	011100000000
1	011000100100	011001000101
2	011111111111	000100011101
2	110011010100	010101111001
0	000000000000	000111000001
2	110111101111	111001011111
1	110100101101	111001010100
1	000011011100	010101001011
1	110000101100	101100011000
0	000000000000	010101000001
1	001111001011	101010100100
1	010011110100	001001101101
0	000000000000	000101100010
1	001110100101	000101110101
2	111011111101	001111000100
2	111010101010	110100000101
0	000000000000	011000000001
1	001100000110	110100111001
0	000000000000	000101011100
1	001010011110	101110111111
0	000000000000	101001101010
0	000000000000	101100100100
2	111111011110	010000100101
2	111111111101	111000001001
2	111111111011	000000110100
1	001010000000	000110111101
0	000000000000	100101110001
1	101000111010	101111100111
1	101011010000	000110011100
2	110111101111	101110111001
2	111111111111	101110000001
0	000000000000	001000110000
2	011111111101	000100110100
2	111111011111	100100101000
2	101011111111	101110110000
1	000010100100	001001110011
1	000100100001	011001011100
2	101110011111	101010110110
0	000000000000	010010001100
0	000000000000	101001110010
2	111111111011	111000100101
2	111110101011	000001010010
0	000000000000	101001011011
0	000000000000	001110011111
1	010011100010	010001011110
1	101000010100	010101000110
2	111110111011	110110110111
0	000000000000	010111101110
2	101101111110	000111001010
0	000000000000	001110000100
1	000000000011	000010101100
0	000000000000	011110110011
1	010011111101	011000111010
0	000000000000	100011111000
0	000000000000	111000111001
0	000000000000	011110100100
2	110111011110	111000110011
2	111111101111	111001100011
0	000000000000	101111110001
1	001001110010	000110111111
1	100001111110	000111001001
0	000000000000	011001001010
2	110110101011	011010011100
1	000001010000	011100110101
0	000000000000	001010101001
2	111111111111	000100110001
1	000101100101	111000101100
2	111101101110	100111010001
0	000000000000	111000111100
1	000001100010	111100010100
1	001101001011	001010111101
0	000000000000	001101101100
1	011000000000	111010000011
2	111111111101	110101101100
2	111111111111	111000000001
1	111110001000	000000010100
1	110100010100	011001011001
0	000000000000	010111010110
0	000000000000	011111000111
2	101111100111	101010010000
1	000010011000	011101011010
0	000000000000	110110000101
1	000110001010	011100111101
2	110111010111	010001110110
2	111111111000	100010111110
1	010001010101	010110110001
0	000000000000	001001101011
2	111111101110	001110101010
2	011110111010	001101111111
0	000000000000	100111011110
1	001000110000	010011011100
1	111000100001	111101110000
2	111011001111	000010010101
1	010001101110	010100010000
0	000000000000	011010101011
0	000000000000	011111000010
1	000001000010	101111111101
1	001001111011	111010111100
2	011111111111	101000110001
0	000000000000	000111010110
1	011111110000	011001110111
1	001101010000	000001110010
0	000000000000	001101011101
0	000000000000	111111001011
2	101111011001	101010001100
0	000000000000	110000001100
2	010111001110	011010010110
1	101100101100	101001100111
0	000000000000	101010000110
0	000000000000	101011011111
2	110001110111	101011011011
0	000000000000	000110001110
0	000000000000	100000100100
1	101111010010	000101110101
1	000011110010	011000110101
2	011110101101	010101111101
0	000000000000	101000101001
1	101110011010	010001010011
2	111101101111	101011110001
2	001101111110	011110101101
2	111011110111	010101111110
2	101110111111	011110010000
2	011111111111	111101011111
0	000000000000	000011011111
0	000000000000	111100111011
2	110111001110	100110110101
0	000000000000	010011100101
0	000000000000	101111010111
0	000000000000	101011011100
1	001001101101	111101100011
0	000000000000	110101010010
0	000000000000	010101110001
1	000010010010	000010101100
0	000000000000	000011111111
0	000000000000	111100011100
2	111111111111	011100101011
2	111100011011	110101011001
0	000000000000	010011000111
2	111111101111	011110110010
1	111000001010	000111100110
2	111101011111	101110100001
2	111111001110	101111000010
2	111101101101	111110111010
2	111111111110	010100000101
2	101111101111	000001110000
1	001001011001	010000100110
1	011110101001	010011110001
0	000000000000	111010111100
0	000000000000	011110100000
2	101110111111	100110100000
0	000000000000	100010110000
0	000000000000	011100001011
0	000000000000	110111110001
1	011111110000	010001001110
0	000000000000	101000110010
1	000000000010	000100011110
1	010100001011	111010110010
1	101000011011	011100100010
0	000000000000	100011001011
1	000010001011	000011011110
2	101110100111	111001010011
0	000000000000	010011101011
2	111111111011	101000101111
2	101100111111	001010010010
0	000000000000	000001100111
1	010001011000	101111000111
2	101110111111	101110110111
1	100000001010	001110101101
1	001110101011	111011000000
0	000000000000	111100011011
1	100001000000	011000010010
2	001111111011	101010000111
2	101111111111	100011001011
0	000000000000	101011010001
1	101011111101	000100101110
0	000000000000	011011011101
0	000000000000	111111011001
0	000000000000	110010011100
0	000000000000	100011100100
0	000000000000	001000001110
0	000000000000	011000110110
1	110001010100	111111001011
0	000000000000	111010011101
1	000001011010	001010011110
1	000010011010	101110111010
1	011000101011	101001000011
0	000000000000	111111011000
0	000000000000	011000010111
2	111111001110	111011010010
0	000000000000	111000010101
0	000000000000	010000001011
1	100000010000	101111110101
2	110011011111	101001011100
1	011111101010	111110000110
2	101111111101	101100100101
0	000000000000	000001011010
1	101010111101	110001011110
0	000000000000	110110110101
1	011001010010	010001111111
1	011001111010	010100001101
1	001100110111	010101000110
2	100111101101	000000110011
1	010111100101	001010010110
0	000000000000	100001001011
0	000000000000	011011111010
0	000000000000	110110001101
0	000000000000	001101101111
0	000000000000	110010100011
1	101011010011	100110110111
2	101011111100	010110100010
1	010101000011	101001110111
2	010101111111	001111011111
1	100101011101	011010101001
1	000100000110	111010000000
0	000000000000	000001010111
0	000000000000	100100000001
1	000010001001	111101110000
2	111011101111	000110010101
2	111111111110	000100010111
2	111101111111	001110111011
0	000000000000	101011100001
2	111111101111	010011110000
0	000000000000	001001100011
0	000000000000	010110011010
0	000000000000	001011011001
2	110110111011	101100110010
1	100001011100	001111110111
2	111111111101	110110010111
2	111010101011	111110111000
0	000000000000	101001111000
0	000000000000	100000010011
1	011101010110	000110100011
0	000000000000	011001000010
0	000000000000	111011111110
0	000000000000	101010011001
1	000111011011	011010111101
0	000000000000	101001011011
0	000000000000	110110101111
0	000000000000	010100110101
1	110001000000	000000100010
0	000000000000	011010111110
0	000000000000	011011001010
0	000000000000	100000111110
1	001011000010	010111011000
2	111011111101	100111101101
2	111111111111	111110101101
2	111111111111	010001011000
0	000000000000	101100100100
1	010100101111	001011111010
2	110111101110	001011011101
1	000000111110	011101011111
0	000000000000	000100111100
1	001000010111	010111100100
2	110011101110	011011011001
0	000000000000	101110010001
2	010111011111	010111010000
0	000000000000	101001101001
2	011110110111	000110000000
0	000000000000	010100000101
0	000000000000	111010011111
1	100001010001	101000111000
1	000011011001	010100000101
0	000000000000	100011111111
2	110111101111	111000011100
2	011011011101	001110111011
2	111111111111	110100011001
0	000000000000	111111111111
2	111010111101	100001111100
2	111110111111	111000001110
2	111011001111	101100110111
2	111110111011	011100010101
0	000000000000	110111110101
1	010100100111	001011010111
2	111111111111	011011000111
0	000000000000	000100111101
0	000000000000	101000010001
2	111111111101	101111010100
2	111111111111	100001111101
2	011101101111	010100100010
2	110111111111	011101101100
0	000000000000	000010001011
1	100111110010	001100010101
2	111101110010	110110101101
0	000000000000	100111000000
0	000000000000	001101011100
1	000011000000	001010101011
0	000000000000	110010001110
2	001110101100	111001010101
0	000000000000	011111111010
1	001010001011	001101001101
0	000000000000	011100010110
0	000000000000	010111101010
0	000000000000	100100010110
2	111011011111	010111110011
2	111101111100	111010010110
1	000010101010	011001001111
2	111111111011	010001011101
0	000000000000	001100110000
2	011111111101	000001001100
1	100000110000	101001111010
2	111111110111	111111000001
1	101101110000	100000001101
1	010001001010	100111000001
1	000000111111	010001110000
0	000000000000	111110111111
0	000000000000	000110101110
1	010010110110	011010110001
1	000011000001	010110100110
1	010100000000	001001000110
1	100101001010	010110111100
2	111011110001	110010111000
0	000000000000	001110001111
0	000000000000	100001101100
0	000000000000	101111101100
2	111111101111	110001111110
0	000000000000	001010000100
2	000100101111	101011110010
2	111111111010	001101011111
1	000000101001	000111101011
1	110011001110	101011100000
0	000000000000	101110101000
0	000000000000	011010100100
1	100000110010	000111000111
2	111111001111	110001111000
1	000010010010	001110100010
1	100010101011	011100111010
1	101101000000	001101001011
2	011111111011	001010100110
0	000000000000	111000111010
2	101111110111	000111110000
2	111110110101	110110001001
2	111111011011	010000011101
2	111101111111	110011100101
1	010100000001	000101101011
0	000000000000	011010110010
0	000000000000	100100010100
2	010111111010	001110000101
1	010010001101	010011001111
1	011100101110	100111100010
0	000000000000	011101000100
2	111000111101	101110100000
2	011111111010	010101111111
0	000000000000	011001011101
2	111111110111	001101010001
0	000000000000	010110011110
2	000111111011	011001011100
1	100010001001	101001110011
1	111000001000	010010101101
2	111001111111	010111010111
1	101010000000	111011000000
2	111111111111	101011100011
1	101000010000	110101100010
0	000000000000	101110110111
0	000000000000	010111110100
2	011111011110	010100001011
2	101110111111	000100011101
2	011110111111	010101010110
0	000000000000	001001101101
0	000000000000	110110000000
0	000000000000	100001001000
2	111110110111	110111100101
0	000000000000	110000010110
1	001100000100	001000101110
0	000000000000	101111100010
1	010000010111	000011111100
2	100110111110	111000101110
0	000000000000	000001100011
2	111110111000	100010110010
1	010101000000	101110011101
2	011111111111	000110000110
0	000000000000	111001111100
2	001111110110	011101001100
2	101101111111	100111101111
0	000000000000	100101110110
1	100000111101	100010100011
2	011111111111	000101101110
0	000000000000	100101111001
2	011111010110	011000010111
0	000000000000	011110011101
0	000000000000	110011011011
0	000000000000	001100000001
1	101001001010	000111101111
2	001111110111	011001110000
0	000000000000	100110101010
1	111111110100	010110000101
2	111111111001	010110000111
2	101101111111	100010110011
1	011110001010	010110001100
0	000000000000	111110110001
0	000000000000	011000011100
2	111111111110	010100000110
0	000000000000	010000101010
2	111101110110	101011000011
2	101111111110	001111000000
2	111101110111	100100111110
2	101110111011	011000001011
2	111101111110	001110101011
2	101111110111	100001010100
1	111110111100	101011100010
0	000000000000	011010000110
1	000110001011	001011110000
2	110111111111	011110011011
0	000000000000	011100101110
0	000000000000	100001000100
0	000000000000	001010100001
1	001110101100	100001110000
0	000000000000	101110011000
2	111010011011	111110101000
2	111111111111	111100111011
2	110111111111	110111110110
2	001111101111	010111010100
0	000000000000	010010110100
1	010000000000	100001010010
2	110111111011	011001100100
1	000001110111	001001011010
2	111111111100	000000011110
0	000000000000	001101010100
1	100000011101	101110111010
2	111110111011	011011001000
1	100000011010	011000011011
1	100000101010	100110100111
2	111111111000	111110001100
2	110010101111	011111110110
0	000000000000	101111011010
2	001110111111	101011100100
2	111110011111	001011000011
0	000000000000	000110001101
2	111111110111	011110001110
0	000000000000	111101111111
0	000000000000	110110011011
2	111101110110	001110101111
2	101111111111	110101110100
2	110110111111	110000100010
1	100000101010	101110010101
0	000000000000	010100001000
1	000010001001	100010100110
1	000101001101	100110001000
1	010100100101	011001110001
1	111000000011	010000010010
1	111100001010	100011101110
2	101011111101	101011101100
0	000000000000	001010000100
0	000000000000	011100001111
1	011101000111	011100001011
2	111111111111	110111100000
1	100010001111	110111011001
1	111011001101	000000101101
1	000000001011	100000110000
2	111111111100	010110011011
2	001111111101	011110110110
2	111111111101	000101010100
1	111010010001	110000011000
0	000000000000	101010010001
0	000000000000	100001101100
1	001011100010	011010010101
2	111111011111	001011001000
1	011101011110	100101111000
0	000000000000	011011111000
2	111111111100	110010111001
1	010000000111	010001101010
2	001011110110	101111010100
1	110100000101	110011110111
0	000000000000	001011110101
1	011100000110	011111001001
0	000000000000	110111010010
0	000000000000	111010100000
1	000001000001	110100001001
0	000000000000	100111000000
0	000000000000	101101011010
2	111100011111	110010100001
1	001100110010	011011111111
2	100101101111	001111000101
1	000011001011	100111001110
1	110100000011	100000000001
0	000000000000	001111000011
1	100001001110	001010010111
2	100111100111	001011101111
1	011100000110	010100101000
2	011111101111	011001110000
2	111111011111	100000101101
2	111010111101	000111100100
2	101111101111	001001111011
0	000000000000	000011000010
2	101010111111	010011001000
2	011111100011	110001111011
2	111001010111	100111011101
2	110111011101	110111110000
2	110111111011	001101010111
0	000000000000	011101111111
2	111110111100	000111011110
2	111111011111	101000101011
2	010000010110	010010111101
0	000000000000	111010100101
1	001010100001	110001110011
0	000000000000	011110001101
0	000000000000	111111011111
0	000000000000	101010111000
0	000000000000	011011010010
2	111111101111	100101111011
2	111101111001	011010011111
2	111101111111	111010100111
2	111011011010	001110001101
0	000000000000	101011010101
0	000000000000	100011110110
1	001101100100	111101000110
0	000000000000	100101001001
1	011001100000	101100100001
0	000000000000	001100010001
0	000000000000	110010111111
0	000000000000	101110101100
1	100110001101	111001110000
1	011000010001	101001011000
2	111010110110	100011010010
2	100011111111	001000111011
0	000000000000	110001000011
1	100111101001	001100010100
1	010001010100	111101100111
0	000000000000	011001111110
2	100110101011	001011011101
1	000000110101	010101000101
2	111111101101	010101110001
0	000000000000	011101110011
2	111111110111	111010111101
0	000000000000	011001110110
1	100101111010	101111111100
1	000011001001	110011001111
1	000101010000	011100101100
0	000000000000	000000100010
0	000000000000	110100011110
2	111000011111	011001101010
2	111101101111	100010010010
1	010110011000	011100001110
2	111010010111	101011110011
0	000000000000	000110101000
0	000000000000	101110111011
0	000000000000	010001000011
0	000000000000	001110010101
1	000001110101	111001001100
2	011111110111	011101010110
0	000000000000	000110000101
0	000000000000	111111100100
1	010011110101	011000000101
1	000011100100	010011110111
2	111110110111	011000101111
2	111110111111	000010101001
2	111011111111	000101111010
2	101110101110	110111100010
1	100110101100	011111101011
1	010000010101	000000100101
1	111010010110	010101100111
1	000110011010	110100000010
2	011111111011	011010101111
1	000000101001	010101000000
2	101110111111	001100101111
0	000000000000	111011100100
0	000000000000	110110111101
0	000000000000	011110000010
0	000000000000	000001010111
2	010101011011	100010000101
1	000000100010	100100011010
2	101101010101	001001011000
1	000100100010	011101010111
1	101100010000	011101000011
2	011010010111	010100001111
1	010000001011	001011101010
0	000000000000	011011111000
1	101010110111	000110111011
0	000000000000	011010101011
2	001111011110	010011000010
2	111111010111	000100110001
1	101010001110	001110000100
2	111110111111	011101111111
1	010101010000	011011010111
0	000000000000	000011010000
0	000000000000	101010101010
1	001111000010	100011010000
2	011111111101	010111110011
0	000000000000	101100110010
2	111111101110	000001001010
2	101111111111	111001011110
2	011110111101	001101100101
1	000000001110	011001001000
1	110010011100	000011011101
2	111011111111	111111110011
2	100101111111	010011110100
2	000101111101	001111111011
0	000000000000	100010111111
1	000110001000	011101100110
0	000000000000	001000001001
2	111011111001	111111100100
0	000000000000	101011100011
2	110010111101	000101001000
2	111110111111	101010000101
0	000000000000	101000000100
1	010000000011	110110010001
1	010101101000	111101111101
1	001101010101	001101011101
2	111111111110	111010001001
2	111110110111	000001110011
0	000000000000	111011110110
1	010101001011	000001010101
1	001101011000	111100111100
1	000000000101	100110001000
2	111011101010	001111110100
0	000000000000	011110011010
0	000000000000	101101011000
1	011110010010	010000011111
0	000000000000	011010111100
1	001000101111	001010000110
0	000000000000	101101010100
2	111011101110	001100011010
1	000001001100	110100111101
0	000000000000	100011001100
1	101110111000	101010101010
2	011111011111	111111100110
0	000000000000	101011011101
0	000000000000	100001010101
2	111111111111	011100101001
2	111111111111	001000010110
2	001111111110	011000001101
2	110011111011	001001101111
2	111101011111	111110101011
0	000000000000	110110010110
1	100110000010	101011110111
2	111111011011	011000110100
0	000000000000	010110011111
2	111111110111	101100110111
0	000000000000	010001111011
1	111001100000	010111001101
2	110101101110	111010010111
0	000000000000	000000110100
2	011100111111	111000111111
2	111111011111	001101111000
2	110110101111	111101110110
0	000000000000	000110110100
1	100100111000	101011011101
0	000000000000	110100010011
1	000000000011	011011011011
2	010100001111	110011011010
1	000000000000	011101111011
2	111010111100	100110100010
0	000000000000	011001100011
0	000000000000	001101100110
1	100001100110	100010110000
0	000000000000	010001011011
0	000000000000	110100001101
1	000100011100	011001100101
2	110101011110	111111100110
1	010111111100	000101010110
2	110011110110	000100001110
1	010001111001	000000011100
1	100111001110	100100011011
0	000000000000	100000000110
0	000000000000	100110110110
1	011010000000	110011011011
2	101111111110	100100000100
1	001010000010	011011000110
1	001100010010	011111010100
1	100101010100	101110010010
0	000000000000	010001110100
1	000001011101	000110000000
1	010001011010	011100110111
0	000000000000	001100010001
1	001000000000	110010111010
1	010101111001	101010111100
2	111111111011	011000010100
0	000000000000	001110000111
2	101111001101	110100010001
1	010101000001	001011010100
1	000000000111	010010011000
2	111111111011	011101010100
1	001100111000	001110110010
0	000000000000	110110000101
2	011111011111	111110100011
1	000000110111	100101111101
1	010110111000	011110010010
1	100100001001	110000100010
2	111101100111	101010011101
1	011001110011	111101001101
0	000000000000	100100010100
2	111111111110	111010001011
1	101000010100	000111001100
1	101010001010	001011000010
2	100100110111	101001101010
1	110000011100	100110111110
1	111100000101	001100011100
2	111011011111	110111101010
2	110110101011	001100110101
1	101101001101	001111001110
0	000000000000	010011100111
1	001011001011	111110001110
0	000000000000	111000101001
0	000000000000	110110100111
2	111011111111	101100110001
1	101111001001	111110111100
0	000000000000	100100111101
1	110100000000	011100000010
0	000000000000	101001100100
2	111111111111	001011111111
0	000000000000	000011010001
2	101111111111	100111011010
0	000000000000	010000011101
1	100111000111	000100110010
0	000000000000	101011000110
1	101100100010	011100111011
1	000010010100	100100010011
1	010010001010	001111011100
0	000000000000	101010110100
0	000000000000	001010001110
2	011111111111	010111001100
1	101101001001	101110100101
2	111011110101	110101100100
2	001110110011	001111010010
1	011101101000	011010111111
0	000000000000	010111101011
0	000000000000	101110111001
2	110111111110	011000101011
1	001100000110	001100110110
1	010010101111	010001000100
1	100101011010	011110101101
1	111100100010	110000100001
1	100101000101	110001011000
0	000000000000	000001001011
0	000000000000	100101111101
0	000000000000	111100001011
2	011111111111	001000111010
2	010111111001	000111111100
1	101110001011	110010000010
2	111111110111	110010011010
0	000000000000	010001001111
2	001111111000	011010111100
1	010011100000	010010111010
0	000000000000	100001000110
0	000000000000	001001101110
2	111111111111	100010100101
1	001000010000	101111110101
2	111101111111	110010100001
2	111101110111	010000001000
1	111101001010	111011001101
0	000000000000	101000101011
1	111110011101	111111000100
1	011000001100	010110110101
2	111111111111	101001101101
0	000000000000	111001111110
1	010011110010	011111110111
2	100111100111	001111000011
0	000000000000	010111110101
0	000000000000	011111000111
2	111111011111	010000101110
1	000111111001	011100110101
2	111111111111	001000100110
0	000000000000	110101010010
0	000000000000	111110101100
1	111100000100	001100100010
0	000000000000	100011010011
1	011010110110	010100110100
0	000000000000	110110111100
0	000000000000	111011110000
2	011111101111	010110111110
1	011000011010	000101101011
2	111111111100	000110101001
1	100110000100	010001110000
1	100111001010	100101101101
2	011001110111	010110110011
1	100110011000	010111110010
2	111111011110	100110011101
0	000000000000	101011110001
2	111100111111	111110010011
1	101000000110	101110111000
0	000000000000	111111010110
2	111111101110	000010110001
0	000000000000	101111111110
0	000000000000	010111111001
1	010011101001	001000111101
2	101110101111	010001010001
0	000000000000	000111001101
0	000000000000	101010010110
2	111111101101	001001110001
2	111111111101	000011100101
1	111101101001	010011011100
2	101111101101	111000010101
2	110110011111	101001110100
1	000000000000	000110101010
2	111111111101	110000011000
1	011110001101	000011011101
0	000000000000	110001110010
1	111110100010	010000000000
2	111111111111	000000111100
2	111110111111	000001100001
1	100001110100	101010100010
0	000000000000	110111000001
2	111111001110	010101001011
2	111110110111	110011010101
0	000000000000	010000111011
2	110111101110	011010011011
1	100010000010	100000111100
1	110000000000	000010111100
1	100111001111	011010011110
1	100100100100	101101011111
2	101111011111	100100000110
0	000000000000	010001010000
0	000000000000	111110001111
1	000100111001	011001010001
0	000000000000	110000101101
1	010101110111	011000111110
2	110111111111	011111010111
1	010100010110	101010101111
0	000000000000	010100101110
2	011110011111	011100011110
1	110110111101	101101011100
0	000000000000	101100001110
1	101000000101	001001110100
2	110111111111	111000100000
2	010111111111	011001000100
1	000011011011	001111110100
0	000000000000	100001110011
1	010111010101	000101100111
2	111111111111	001011001010
2	111110100011	101000010011
2	111111111011	010001011100
2	010111001111	010011000110
0	000000000000	101011000010
2	110111111111	001100000101
2	011111011011	010000110111
0	000000000000	010001111011
1	100110100100	011000000100
1	110100000001	001111010100
0	000000000000	010010110101
2	111101011111	100110110111
2	011111111101	010010010001
2	101111111011	000100000110
0	000000000000	100101011010
1	001110101010	000000101000
2	011111001111	011111011111
2	111011111011	110010111111
0	000000000000	010101110101
1	111010010110	100110110000
0	000000000000	111011001110
0	000000000000	001101000111
0	000000000000	000100100010
0	000000000000	010000111100
1	001110011100	001100100101
2	011111101000	011100000110
1	110111000010	011100101010
1	101010000011	001111101011
0	000000000000	100111101110
0	000000000000	010101110101
1	101111000001	101111100110
0	000000000000	010011010110
2	111101011111	001111010000
1	010110010000	011010001110
2	101111011101	100100101011
0	000000000000	111001010101
2	011000111011	111110111001
0	000000000000	011100101011
1	110011001000	010001100101
0	000000000000	001101111001
2	101110011010	001001111111
0	000000000000	101100101100
2	111111111111	000010010101
2	011111011101	011101111000
2	111001111111	010110101101
0	000000000000	100100000101
2	101011010011	000110110110
2	011111011111	010011110000
2	111011100101	110111110010
2	101001101111	100110000101
2	111110111011	100010010100
0	000000000000	100011011111
1	000110110111	111011010010
2	111111011001	111100011101
0	000000000000	100000000100
1	100110010001	010011010011
1	110000000110	011010001110
0	000000000000	010001010000
1	000101010101	110111100100
0	000000000000	110100111000
2	101111011101	001100111011
0	000000000000	100010001010
2	110110101111	101101010111
2	010101011111	011110101110
2	111101100011	000100011000
1	000010100000	001010000101
2	111110011011	001111010000
2	111111011111	011001101101
0	000000000000	101101110100
1	000010001000	010101001011
0	000000000000	101110111011
1	001101001010	101011100110
0	000000000000	111000011001
1	011001010111	101111101010
2	111111111111	011101101011
0	000000000000	011111000110
1	100010010101	111011001101
2	001011111111	101111010001
2	111111111111	101001011110
0	000000000000	001000110010
1	101110000010	111110100010
1	000000101001	001011011101
0	000000000000	001000000010
2	111111111111	000010011001
1	000010011000	110011011011
0	000000000000	011111010101
0	000000000000	101111111101
1	110100000000	100111110101
1	101000101000	010100000010
0	000000000000	100010001011
0	000000000000	000101111100
1	100000001101	001010000111
2	101111011111	000100100011
0	000000000000	011110111001
1	011011010000	101000000011
0	000000000000	000010100110
1	101000001100	000111011100
0	000000000000	100110110011
0	000000000000	111010010010
0	000000000000	100000000011
2	101111111111	000100011111
0	000000000000	110110100010
0	000000000000	111000011001
2	111111101011	100000111100
0	000000000000	101010000000
0	000000000000	001010001101
0	000000000000	111101010001
0	000000000000	010111001111
2	111111001111	000000101100
0	000000000000	011010101011
0	000000000000	001000010001
2	101110011011	111010001010
2	101111110111	011101100101
2	111011000000	110110110101
1	111000000100	001101001011
1	111000110001	010001011001
1	111010100101	110111000001
2	011110111111	000001110100
0	000000000000	111100001001
1	011000011100	110110101110
1	101001101100	110110010101
1	111000101100	110010011000
1	111011010100	011100001110
0	000000000000	101011011101
1	101110000001	001001001110
0	000000000000	111110100000
2	111101111011	101110000110
1	000000111000	110101111110
0	000000000000	100110111001
1	000001001000	101110111111
0	000000000000	000011100001
1	111001001011	000111101110
0	000000000000	000100010110
1	000100010010	101111111111
1	110011000100	111011110000
2	100111111111	001001111110
1	010010010011	010010001110
1	001000000010	101110101000
2	101111010011	000010100100
2	111101011111	111010110110
2	111101111001	010110010101
1	000010111101	101110100110
0	000000000000	010110001101
1	001011101001	111010110101
2	111011111111	110101101011
1	100100011001	101110001111
2	111111111111	010011011000
1	000000010010	011100111100
0	000000000000	000110101111
2	101111111111	001110100010
2	111011110111	001001010000
2	111111001110	101001011010
0	000000000000	001111011101
0	000000000000	010110000001
0	000000000000	101010010111
0	000000000000	010010001111
2	010101111011	101101100100
1	101011101111	100111111101
2	101111101111	001001011110
1	010000010000	100111000110
0	000000000000	011100100000
2	111111110111	111101100011
0	000000000000	101100110111
1	000000110010	101011010011
0	000000000000	111011011111
1	010001011101	101000011001
2	001111110111	110011100001
2	111111111111	100011011111
0	000000000000	110110110010
2	111110011110	110101101101
1	100000011100	000111111101
2	111010111111	011101000011
1	010011100000	010111100111
0	000000000000	010010000011
0	000000000000	110110100010
1	010010100000	010010111100
0	000000000000	111011100001
2	111111111111	100100111011
0	000000000000	000001010110
2	011111011110	001000110010
1	111001100000	101100000001
2	100001111001	000111101110
1	001100011110	100111111111
0	000000000000	100000011110
1	000101100000	101110011101
1	000100001100	010101010001
2	111111101111	110101011010
1	100110010001	010101100010
1	100101001011	000011101101
0	000000000000	100100100100
0	000000000000	000011110010
1	001001001000	111110100110
2	101111101110	100110001000
2	111101001111	010011011010
1	110010011100	111101001011
1	100011000000	001111011100
2	001110111101	010111001001
2	111100011011	110000001011
0	000000000000	101110110101
2	111111101101	110011011101
1	001101000110	101111100110
2	111111111110	110001101111
1	000110000011	011001010111
1	100010101010	100011100011
0	000000000000	101000101000
1	001101001010	001011011110
0	000000000000	001000110000
1	101011100111	101110110001
0	000000000000	100010001010
1	000101000101	010001001111
2	111001111011	001110011101
0	000000000000	110101010011
1	010010101000	010011000001
2	111110100111	000000111001
1	100001010000	001011110110
1	011000010101	101101011000
2	111111011110	111101100010
1	101101111001	100011100100
2	111111111100	011100011010
2	110111110111	111111111111
2	111001111111	010111111101
1	100001101000	100111010110
0	000000000000	000111100010
2	111001110111	101100101010
1	001010000110	001000000010
2	111110111111	000100010001
0	000000000000	101010011011
1	101111111011	011001011110
0	000000000000	101010001010
0	000000000000	000010101001
0	000000000000	010010010011
0	000000000000	001001101001
2	111111110110	001001100101
1	000010100110	010110100001
1	000110101101	001001110101
1	100000010010	000101010000
0	000000000000	010101110101
0	000000000000	100111111101
2	101111111111	111101100110
0	000000000000	101011100011
1	100001101100	011110000111
1	100110010010	001111110110
1	000011100100	100011000111
1	011111000110	001111111101
0	000000000000	111010100101
2	110111101110	011101111101
1	100001001000	001110001110
0	000000000000	001011011101
0	000000000000	010100111000
0	000000000000	101000110001
2	111111011110	101011011001
1	011010000000	100110010000
0	000000000000	001001101101
0	000000000000	010100011100
0	000000000000	111001100100
0	000000000000	011001110100
2	011011111111	000101011010
0	000000000000	111011011101
0	000000000000	001011001101
1	001011001010	011111101101
0	000000000000	000001110100
1	001110000000	010010111001
2	110110011110	110101010010
1	000001000001	101110110100
2	111111110011	000101100101
2	110110111111	101001100110
2	111101110110	001011011111
1	101100010001	101010111111
2	011111100000	001001011000
0	000000000000	100100100010
0	000000000000	101001110010
0	000000000000	011001101111
0	000000000000	011101000000
2	111101111111	111011110101
0	000000000000	001111111010
0	000000000000	001000101101
1	111000010000	010100001011
2	110111111111	001111001011
1	010000110001	101001101000
0	000000000000	110000010011
2	110001111111	010111101101
0	000000000000	100011110100
2	101111111011	000001110111
1	110000100011	000011000110
1	100101101101	001110111100
1	101001100100	000001111111
0	000000000000	101001110001
2	111111111111	111001000000
1	010110010000	000101010001
2	111111111100	001100011100
2	111110111101	011101011101
2	110111011111	101001101011
0	000000000000	001110111011
0	000000000000	110010010100
1	101000101000	000111011110
1	011011110000	011110000001
1	010100011000	010110011011
1	110100000101	000010101000
2	111010111101	100110010000
2	110011110111	001011000100
1	010011110101	011000010101
